---------Puzzle 1
  6291 3
7  4  6 8
  3 8  14
5 4 29361
   1 7
16853 7 2
98  4 1
4 7  8  9
 2 9758
---------Puzzle 2
  81   53
 3  82
64 5 9278
587  6 3
 1  7  9
 9 2  687
4693 8 25
   49  1
15   78
---------Puzzle 3
 4596218
1628439
3 8  54
27 1
    7
     9 14
  92  5 8
  7586391
 8349127
---------Puzzle 4
 9 1  4 6
8 6 2 175
  1 76 38
 5 8  2 3
  9   8
1 8  2 5
68 41 5
573 8 6 1
9 4  7 8
---------Puzzle 17
3 6 74  9
    8 63
  81  2
5428  9
1 9 4 3 8
  3  2451
  1  75
 35 9
4  35 8 2
---------Puzzle 18
  61   7
8   3   6
 7 9  41
 5  9  41
9  4 1  5
21  5  6
 37  8 2
4   7   3
 8   26
---------Puzzle 65
1  68    
 2   9 4 
9     7 3
   8   54
  1 7 2  
53   1   
6 5     9
 1 9   7 
    15  2
---------Puzzle 65
1  68    
 2   9 4 
9     7 3
   8   54
  1 7 2  
53   1   
6 5     9
 1 9   7 
    15  2
---------Puzzle 66
4    9 3 
6 8   4  
    7 8  
3 25     
 7 3 8 2 
     13 7
  9 5    
  3   5 6
 5 4    3